
            0   4.1234e+04
   8.3330e-03   1.8934e+04
   1.6667e-02  -1.3045e+03
   2.5000e-02   7.5774e+02
   3.3333e-02   7.5770e+02
   4.1667e-02   7.5770e+02
   5.0000e-02   7.5774e+02
   5.8333e-02   7.5770e+02
   6.6667e-02   7.5770e+02
   7.5000e-02   7.2860e+02
   8.3333e-02   7.3713e+02
   9.1667e-02   7.6284e+02
   1.0000e-01   7.2860e+02
   1.0833e-01   7.3713e+02
   1.1667e-01   7.9198e+02
   1.2500e-01   7.7832e+02
   1.3333e-01   7.5256e+02
   1.4167e-01   7.5770e+02
   1.5000e-01   7.2860e+02
   1.5833e-01   7.3713e+02
   1.6667e-01   7.9198e+02
   1.7500e-01   7.4917e+02
   1.8333e-01   7.0284e+02
   1.9167e-01   7.1313e+02
   2.0000e-01   7.4232e+02
   2.0833e-01   8.2113e+02
   2.1667e-01   7.9884e+02
   2.2500e-01   7.1831e+02
   2.3333e-01   7.0799e+02
   2.4167e-01   7.4227e+02
   2.5000e-01   7.6289e+02
   2.5833e-01   7.2856e+02
   2.6667e-01   7.0799e+02
   2.7500e-01   7.4232e+02
   2.8333e-01   7.6284e+02
   2.9167e-01   7.5770e+02
   3.0000e-01   7.8689e+02
   3.0833e-01   7.7827e+02
   3.1667e-01   7.2341e+02
   3.2500e-01   7.3717e+02
   3.3333e-01   7.9198e+02
   3.4167e-01   7.7827e+02
   3.5000e-01   7.2346e+02
   3.5833e-01   7.3713e+02
   3.6667e-01   7.9198e+02
   3.7500e-01   7.7832e+02
   3.8333e-01   7.2341e+02
   3.9167e-01   7.3713e+02
   4.0000e-01   7.9203e+02
   4.0833e-01   7.7827e+02
   4.1667e-01   7.2341e+02
   4.2500e-01   6.4974e+02
   4.3333e-01   4.9713e+02
   4.4167e-01   3.6685e+02
   4.5000e-01   2.5887e+02
   4.5833e-01   6.1713e+01
   4.6667e-01  -1.1314e+02
   4.7500e-01  -2.0744e+02
   4.8333e-01  -2.9142e+02
   4.9167e-01  -3.8056e+02
   5.0000e-01  -4.4059e+02
   5.0833e-01  -4.5085e+02
   5.1667e-01  -4.7485e+02
   5.2500e-01  -5.2459e+02
   5.3333e-01  -5.1085e+02
   5.4167e-01  -5.1428e+02
   5.5000e-01  -5.4002e+02
   5.5833e-01  -5.0570e+02
   5.6667e-01  -5.1428e+02
   5.7500e-01  -5.1088e+02
   5.8333e-01  -4.8513e+02
   5.9167e-01  -4.9028e+02
   6.0000e-01  -4.9031e+02
   6.0833e-01  -4.9028e+02
   6.1667e-01  -4.6113e+02
   6.2500e-01  -4.6973e+02
   6.3333e-01  -4.9542e+02
   6.4167e-01  -4.9028e+02
   6.5000e-01  -4.9031e+02
   6.5833e-01  -4.9028e+02
   6.6667e-01  -5.1942e+02
   6.7500e-01  -5.1088e+02
   6.8333e-01  -4.8513e+02
   6.9167e-01  -4.9028e+02
   7.0000e-01  -4.6116e+02
   7.0833e-01  -4.1142e+02
   7.1667e-01  -4.2513e+02
   7.2500e-01  -4.8002e+02
   7.3333e-01  -4.2649e+02
   7.4208e-01  -3.8131e+02
   7.5042e-01  -4.3028e+02
   7.5875e-01  -4.5088e+02
   7.6708e-01  -4.4571e+02
   7.7542e-01  -4.4571e+02
   7.8375e-01  -4.4573e+02
   7.9208e-01  -4.4571e+02
   8.0042e-01  -4.1656e+02
   8.0875e-01  -3.9602e+02
   8.1708e-01  -4.3028e+02
   8.2542e-01  -4.5085e+02
   8.3375e-01  -4.1659e+02
   8.4208e-01  -3.9599e+02
   8.5042e-01  -4.3028e+02
   8.5875e-01  -4.5088e+02
   8.6708e-01  -4.1656e+02
   8.7542e-01  -3.9599e+02
   8.8375e-01  -4.0116e+02
   8.9208e-01  -4.3028e+02
   9.0042e-01  -4.5085e+02
   9.0875e-01  -3.5830e+02
   9.1708e-01  -3.2571e+02
   9.2542e-01  -3.9085e+02
   9.3375e-01  -3.7716e+02
   9.4208e-01  -3.5142e+02
   9.5042e-01  -3.8571e+02
   9.5875e-01  -4.0630e+02
   9.6708e-01  -3.7199e+02
   9.7542e-01  -3.5142e+02
   9.8375e-01  -3.5659e+02
   9.9208e-01  -3.5656e+02
   1.0004e+00  -3.5656e+02
   1.0088e+00  -3.5659e+02
   1.0171e+00  -3.5656e+02
   1.0254e+00  -3.5656e+02
   1.0337e+00  -3.5659e+02
   1.0421e+00  -3.5656e+02
   1.0504e+00  -3.5656e+02
   1.0588e+00  -3.5659e+02
   1.0671e+00  -3.2742e+02
   1.0754e+00  -3.0685e+02
   1.0837e+00  -3.1201e+02
   1.0921e+00  -3.1199e+02
   1.1004e+00  -3.4114e+02
   1.1087e+00  -3.3258e+02
   1.1171e+00  -3.0685e+02
   1.1254e+00  -3.1199e+02
   1.1338e+00  -3.1201e+02
   1.1421e+00  -3.4114e+02
   1.1504e+00  -3.3256e+02
   1.1587e+00  -3.0687e+02
   1.1671e+00  -3.1199e+02
   1.1754e+00  -2.8285e+02
   1.1838e+00  -2.6230e+02
   1.1921e+00  -2.6742e+02
   1.2004e+00  -2.6742e+02
   1.2087e+00  -2.9658e+02
   1.2171e+00  -2.8799e+02
   1.2254e+00  -2.3314e+02
   1.2337e+00  -2.4687e+02
   1.2421e+00  -2.7257e+02
   1.2504e+00  -2.6742e+02
   1.2588e+00  -2.6744e+02
   1.2671e+00  -2.6742e+02
   1.2754e+00  -2.3828e+02
   1.2837e+00  -2.1772e+02
   1.2921e+00  -2.5199e+02
   1.3004e+00  -2.4342e+02
   1.3088e+00  -2.1772e+02
   1.3171e+00  -2.2285e+02
   1.3254e+00  -2.2285e+02
   1.3337e+00  -2.5201e+02
   1.3421e+00  -2.4342e+02
   1.3504e+00  -2.1771e+02
   1.3587e+00  -2.2287e+02
   1.3671e+00  -1.9371e+02
   1.3754e+00  -1.7314e+02
   1.3838e+00  -1.7829e+02
   1.3921e+00  -1.7828e+02
   1.4004e+00  -1.7828e+02
   1.4087e+00  -2.3658e+02
   1.4171e+00  -2.4857e+02
   1.4254e+00  -1.5943e+02
   1.4338e+00  -1.5258e+02
   1.4421e+00  -1.8342e+02
   1.4504e+00  -1.7828e+02
   1.4587e+00  -1.7829e+02
   1.4671e+00  -1.7828e+02
   1.4754e+00  -1.7828e+02
   1.4837e+00  -1.7829e+02
   1.4921e+00  -1.4914e+02
   1.5004e+00  -1.2857e+02
   1.5088e+00  -1.3372e+02
   1.5171e+00  -1.3371e+02
   1.5254e+00  -1.3371e+02
   1.5337e+00  -1.3372e+02
   1.5421e+00  -1.3371e+02
   1.5504e+00  -1.0457e+02
   1.5588e+00  -1.1315e+02
   1.5671e+00  -1.3885e+02
   1.5754e+00  -1.3371e+02
   1.5837e+00  -1.3372e+02
   1.5921e+00  -1.0457e+02
   1.6004e+00  -8.3998e+01
   1.6087e+00  -8.9146e+01
   1.6171e+00  -1.1828e+02
   1.6254e+00  -1.0971e+02
   1.6338e+00  -5.4859e+01
   1.6421e+00  -6.8570e+01
   1.6504e+00  -9.4284e+01
   1.6587e+00  -8.9146e+01
   1.6671e+00  -8.9141e+01
   1.6754e+00  -5.9999e+01
   1.6838e+00  -3.9430e+01
   1.6921e+00  -7.3713e+01
   1.7004e+00  -6.5142e+01
   1.7087e+00  -1.0286e+01
   1.7171e+00  -2.4000e+01
   1.7254e+00  -4.9713e+01
   1.7337e+00  -4.4573e+01
   1.7421e+00  -4.4571e+01
   1.7504e+00  -1.5428e+01
   1.7588e+00   5.1431e+00
   1.7671e+00  -2.9142e+01
   1.7754e+00  -4.9713e+01
   1.7837e+00  -1.5429e+01
   1.7921e+00   5.1428e+00
   1.8004e+00            0
   1.8088e+00            0
   1.8171e+00            0
   1.8254e+00            0
   1.8337e+00   2.9144e+01
   1.8421e+00   4.9713e+01
   1.8504e+00   1.5428e+01
   1.8587e+00  -5.1431e+00
   1.8671e+00   2.9142e+01
   1.8754e+00   4.9713e+01
   1.8838e+00   1.5429e+01
   1.8921e+00   2.4000e+01
   1.9004e+00   4.9713e+01
   1.9087e+00   4.4573e+01
   1.9171e+00   4.4571e+01
   1.9254e+00   4.4571e+01
   1.9338e+00   4.4573e+01
   1.9421e+00   4.4571e+01
   1.9504e+00   7.3713e+01
   1.9587e+00   6.5145e+01
   1.9671e+00   3.9428e+01
   1.9754e+00   7.3713e+01
   1.9837e+00   9.4289e+01
   1.9921e+00   8.9141e+01
   2.0004e+00   8.9141e+01
   2.0088e+00   8.9146e+01
   2.0171e+00   8.9141e+01
   2.0254e+00   8.9141e+01
   2.0337e+00   8.9146e+01
   2.0421e+00   8.9141e+01
   2.0504e+00   8.9141e+01
   2.0587e+00   8.9146e+01
   2.0671e+00   8.9141e+01
   2.0754e+00   1.1828e+02
   2.0838e+00   1.3886e+02
   2.0921e+00   1.0457e+02
   2.1004e+00   8.3998e+01
   2.1088e+00   1.4743e+02
   2.1171e+00   1.5943e+02
   2.1254e+00   9.9427e+01
   2.1338e+00   1.4229e+02
   2.1421e+00   1.5943e+02
   2.1504e+00   1.2857e+02
   2.1587e+00   1.6286e+02
   2.1671e+00   1.5428e+02
   2.1754e+00   1.2857e+02
   2.1837e+00   1.6286e+02
   2.1921e+00   1.5428e+02
   2.2004e+00   1.2857e+02
   2.2088e+00   1.6286e+02
   2.2171e+00   1.8342e+02
   2.2254e+00   1.7828e+02
   2.2338e+00   1.7829e+02
   2.2421e+00   1.7828e+02
   2.2504e+00   1.7828e+02
   2.2588e+00   1.4915e+02
   2.2671e+00   1.5771e+02
   2.2754e+00   2.1257e+02
   2.2837e+00   1.9887e+02
   2.2921e+00   1.7314e+02
   2.3004e+00   1.7828e+02
   2.3087e+00   2.0744e+02
   2.3171e+00   2.5714e+02
   2.3254e+00   2.4342e+02
   2.3338e+00   1.8858e+02
   2.3421e+00   2.0228e+02
   2.3504e+00   2.2800e+02
   2.3588e+00   2.1743e+02
   2.3675e+00   2.4586e+02
   2.3758e+00   2.4342e+02
   2.3842e+00   2.1771e+02
   2.3925e+00   2.2287e+02
   2.4008e+00   2.2285e+02
   2.4092e+00   2.5199e+02
   2.4175e+00   2.4344e+02
   2.4258e+00   2.1771e+02
   2.4342e+00   2.5199e+02
   2.4425e+00   2.7258e+02
   2.4508e+00   2.3828e+02
   2.4592e+00   2.1771e+02
   2.4675e+00   2.5201e+02
   2.4758e+00   2.7257e+02
   2.4842e+00   2.6742e+02
   2.4925e+00   2.6744e+02
   2.5008e+00   2.6742e+02
   2.5092e+00   2.6742e+02
   2.5175e+00   2.9658e+02
   2.5258e+00   2.8799e+02
   2.5342e+00   2.6228e+02
   2.5425e+00   2.9658e+02
   2.5508e+00   2.8799e+02
   2.5592e+00   2.6228e+02
   2.5675e+00   2.9658e+02
   2.5758e+00   3.1714e+02
   2.5842e+00   2.8285e+02
   2.5925e+00   2.9144e+02
   2.6008e+00   2.8799e+02
   2.6092e+00   2.9142e+02
   2.6175e+00   3.4630e+02
   2.6258e+00   3.3256e+02
   2.6342e+00   3.0685e+02
   2.6425e+00   2.8287e+02
   2.6508e+00   2.9142e+02
   2.6592e+00   3.4628e+02
   2.6675e+00   3.6173e+02
   2.6758e+00   3.2742e+02
   2.6842e+00   2.7771e+02
   2.6925e+00   2.9144e+02
   2.7008e+00   3.4628e+02
   2.7092e+00   3.6171e+02
   2.7175e+00   3.2744e+02
   2.7258e+00   3.0685e+02
   2.7342e+00   3.4114e+02
   2.7425e+00   3.6173e+02
   2.7508e+00   3.5656e+02
   2.7592e+00   3.5656e+02
   2.7675e+00   3.5659e+02
   2.7758e+00   3.5656e+02
   2.7842e+00   3.5656e+02
   2.7925e+00   3.5659e+02
   2.8008e+00   3.5656e+02
   2.8092e+00   3.5656e+02
   2.8175e+00   3.5659e+02
   2.8258e+00   3.5656e+02
   2.8342e+00   3.8571e+02
   2.8425e+00   4.0630e+02
   2.8508e+00   3.7199e+02
   2.8592e+00   3.5142e+02
   2.8675e+00   3.8573e+02
   2.8758e+00   4.0628e+02
   2.8842e+00   3.7199e+02
   2.8925e+00   3.5144e+02
   2.9008e+00   3.8571e+02
   2.9092e+00   4.0628e+02
   2.9175e+00   4.0116e+02
   2.9258e+00   4.0113e+02
   2.9342e+00   4.0113e+02
   2.9425e+00   4.0116e+02
   2.9508e+00   4.0113e+02
   2.9592e+00   4.0113e+02
   2.9675e+00   4.0116e+02
   2.9758e+00   4.3028e+02
   2.9842e+00   4.2171e+02
   2.9925e+00   3.9602e+02
   3.0008e+00   4.0113e+02
   3.0092e+00   4.0113e+02
   3.0175e+00   4.3030e+02
   3.0258e+00   4.5085e+02
   3.0342e+00   4.4571e+02
   3.0425e+00   4.4573e+02
   3.0508e+00   4.1656e+02
   3.0592e+00   3.9599e+02
   3.0675e+00   4.3030e+02
   3.0758e+00   4.5085e+02
   3.0842e+00   4.4571e+02
   3.0925e+00   4.7488e+02
   3.1008e+00   4.6628e+02
   3.1092e+00   4.1142e+02
   3.1175e+00   4.2516e+02
   3.1258e+00   4.5085e+02
   3.1342e+00   4.4571e+02
   3.1425e+00   4.4573e+02
   3.1508e+00   4.7485e+02
   3.1592e+00   4.9542e+02
   3.1675e+00   4.6116e+02
   3.1758e+00   4.4056e+02
   3.1842e+00   4.4571e+02
   3.1925e+00   4.4573e+02
   3.2008e+00   4.4571e+02
   3.2092e+00   4.4571e+02
   3.2175e+00   4.4573e+02
   3.2258e+00   3.8742e+02
   3.2342e+00   2.8799e+02
   3.2425e+00   1.6972e+02
   3.2508e+00   3.0857e+01
   3.2592e+00  -4.4571e+01
   3.2675e+00  -1.0800e+02
   3.2758e+00  -1.7314e+02
   3.2842e+00  -2.4171e+02
   3.2925e+00  -3.0687e+02
   3.3008e+00  -3.4628e+02
   3.3092e+00  -3.6171e+02
   3.3175e+00  -3.2744e+02
   3.3258e+00  -3.0685e+02
   3.3342e+00  -2.8285e+02
   3.3425e+00  -2.6230e+02
   3.3508e+00  -2.6742e+02
   3.3592e+00  -2.9657e+02
   3.3675e+00  -2.8801e+02
   3.3758e+00  -2.3314e+02
   3.3842e+00  -2.4685e+02
   3.3925e+00  -2.7258e+02
   3.4008e+00  -2.6742e+02
   3.4092e+00  -2.6742e+02
   3.4175e+00  -2.3830e+02
   3.4258e+00  -2.1771e+02
   3.4342e+00  -2.2285e+02
   3.4425e+00  -2.2287e+02
   3.4508e+00  -2.5199e+02
   3.4592e+00  -2.4342e+02
   3.4675e+00  -2.1772e+02
   3.4758e+00  -2.2285e+02
   3.4842e+00  -2.2285e+02
   3.4925e+00  -2.2287e+02
   3.5008e+00  -1.9371e+02
   3.5092e+00  -2.0228e+02
   3.5175e+00  -2.2801e+02
   3.5258e+00  -1.9371e+02
   3.5342e+00  -2.3142e+02
   3.5425e+00  -3.0687e+02
   3.5508e+00  -2.8799e+02
   3.5592e+00  -2.3314e+02
   3.5675e+00  -2.1772e+02
   3.5758e+00  -2.5199e+02
   3.5842e+00  -2.4342e+02
   3.5925e+00  -1.5943e+02
   3.6008e+00  -1.5257e+02
   3.6092e+00  -2.1257e+02
   3.6175e+00  -1.9887e+02
   3.6258e+00  -1.7314e+02
   3.6342e+00  -1.7828e+02
   3.6425e+00  -1.7829e+02
   3.6508e+00  -1.7828e+02
   3.6592e+00  -1.7828e+02
   3.6675e+00  -1.4915e+02
   3.6758e+00  -1.5771e+02
   3.6842e+00  -1.8342e+02
   3.6925e+00  -1.4915e+02
   3.7008e+00  -1.5771e+02
   3.7092e+00  -1.8342e+02
   3.7175e+00  -1.4915e+02
   3.7258e+00  -1.2857e+02
   3.7342e+00  -1.3371e+02
   3.7425e+00  -1.3372e+02
   3.7508e+00  -1.3371e+02
   3.7592e+00  -1.3371e+02
   3.7675e+00  -1.3372e+02
   3.7758e+00  -1.0457e+02
   3.7842e+00  -1.1314e+02
   3.7925e+00  -1.3886e+02
   3.8008e+00  -1.0457e+02
   3.8092e+00  -1.1314e+02
   3.8175e+00  -1.0972e+02
   3.8258e+00  -8.3998e+01
   3.8342e+00  -1.1828e+02
   3.8425e+00  -1.0972e+02
   3.8508e+00  -8.3998e+01
   3.8592e+00  -8.9141e+01
   3.8675e+00  -8.9146e+01
   3.8758e+00  -8.9141e+01
   3.8842e+00  -8.9141e+01
   3.8925e+00  -6.0002e+01
   3.9008e+00  -3.9428e+01
   3.9092e+00  -7.3713e+01
   3.9175e+00  -9.4289e+01
   3.9258e+00  -8.9141e+01
   3.9342e+00  -8.6965e+01
   3.9429e+00  -5.8538e+01
   3.9512e+00  -3.9430e+01
   3.9596e+00  -4.4571e+01
   3.9679e+00  -1.5428e+01
   3.9762e+00  -2.4001e+01
   3.9846e+00  -4.9713e+01
   3.9929e+00  -1.5428e+01
   4.0012e+00  -2.4001e+01
   4.0096e+00  -4.9713e+01
   4.0179e+00  -1.5428e+01
   4.0263e+00   5.1428e+00
   4.0346e+00  -2.9142e+01
   4.0429e+00  -4.9716e+01
   4.0512e+00  -1.5429e+01
   4.0596e+00   5.1428e+00
   4.0679e+00            0
   4.0762e+00            0
   4.0846e+00            0
   4.0929e+00            0
   4.1013e+00   2.9142e+01
   4.1096e+00   2.0571e+01
   4.1179e+00  -5.1428e+00
   4.1262e+00   2.9144e+01
   4.1346e+00   2.0571e+01
   4.1429e+00  -5.1428e+00
   4.1513e+00   2.9142e+01
   4.1596e+00   4.9713e+01
   4.1679e+00   4.4573e+01
   4.1762e+00   4.4573e+01
   4.1846e+00   1.5428e+01
   4.1929e+00   2.4000e+01
   4.2012e+00   4.9716e+01
   4.2096e+00   4.4573e+01
   4.2179e+00   7.3713e+01
   4.2263e+00   6.5142e+01
   4.2346e+00   3.9428e+01
   4.2429e+00   4.4571e+01
   4.2512e+00   4.4573e+01
   4.2596e+00   7.3713e+01
   4.2679e+00   9.4284e+01
   4.2763e+00   5.9999e+01
   4.2846e+00   3.9428e+01
   4.2929e+00   7.3717e+01
   4.3012e+00   9.4289e+01
   4.3096e+00   8.9141e+01
   4.3179e+00   8.9141e+01
   4.3262e+00   8.9146e+01
   4.3346e+00   8.9146e+01
   4.3429e+00   8.9141e+01
   4.3513e+00   8.9141e+01
   4.3596e+00   8.9141e+01
   4.3679e+00   1.1828e+02
   4.3762e+00   1.3886e+02
   4.3846e+00   1.0457e+02
   4.3929e+00   8.3998e+01
   4.4013e+00   1.1828e+02
   4.4096e+00   1.3885e+02
   4.4179e+00   1.0458e+02
   4.4262e+00   1.1315e+02
   4.4346e+00   1.3885e+02
   4.4429e+00   1.3371e+02
   4.4512e+00   1.3372e+02
   4.4596e+00   1.3372e+02
   4.4679e+00   1.3371e+02
   4.4763e+00   1.3371e+02
   4.4846e+00   1.3371e+02
   4.4929e+00   1.3371e+02
   4.5012e+00   1.6286e+02
   4.5096e+00   1.5428e+02
   4.5179e+00   1.2857e+02
   4.5263e+00   1.6285e+02
   4.5346e+00   1.5428e+02
   4.5429e+00   1.2858e+02
   4.5512e+00   1.6286e+02
   4.5596e+00   1.8342e+02
   4.5679e+00   1.7828e+02
   4.5762e+00   1.7829e+02
   4.5846e+00   1.7829e+02
   4.5929e+00   1.7828e+02
   4.6013e+00   1.7828e+02
   4.6096e+00   1.7828e+02
   4.6179e+00   1.7828e+02
   4.6262e+00   1.7829e+02
   4.6346e+00   1.7828e+02
   4.6429e+00   1.7828e+02
   4.6513e+00   2.0742e+02
   4.6596e+00   2.2800e+02
   4.6679e+00   1.9372e+02
   4.6762e+00   1.7315e+02
   4.6846e+00   2.0742e+02
   4.6929e+00   2.2800e+02
   4.7012e+00   2.2287e+02
   4.7096e+00   1.9372e+02
   4.7179e+00   2.0228e+02
   4.7263e+00   2.5714e+02
   4.7346e+00   2.1428e+02
   4.7429e+00   1.9714e+02
   4.7512e+00   2.5715e+02
   4.7596e+00   2.4342e+02
   4.7679e+00   2.1771e+02
   4.7763e+00   2.5199e+02
   4.7846e+00   2.4342e+02
   4.7929e+00   2.1772e+02
   4.8012e+00   2.5201e+02
   4.8096e+00   2.7257e+02
   4.8179e+00   2.3828e+02
   4.8262e+00   2.1772e+02
   4.8346e+00   2.5201e+02
   4.8429e+00   2.4342e+02
   4.8513e+00   2.4685e+02
   4.8596e+00   3.0171e+02
   4.8679e+00   2.8799e+02
   4.8762e+00   2.6230e+02
   4.8846e+00   2.6742e+02
   4.8929e+00   2.6742e+02
   4.9013e+00   2.6742e+02
   4.9096e+00   2.6742e+02
   4.9179e+00   2.3830e+02
   4.9262e+00   1.8858e+02
   4.9346e+00   1.4400e+02
   4.9429e+00   7.0284e+01
   4.9512e+00  -2.4001e+01
   4.9596e+00  -5.4859e+01
   4.9679e+00  -7.3713e+01
   4.9763e+00  -1.5257e+02
   4.9846e+00  -1.8857e+02
   4.9929e+00  -1.7828e+02
   5.0012e+00  -1.7829e+02
   5.0096e+00  -1.7828e+02
   5.0179e+00  -1.7828e+02
   5.0263e+00  -1.7828e+02
   5.0346e+00  -1.4914e+02
   5.0429e+00  -1.2858e+02
   5.0512e+00  -1.6286e+02
   5.0596e+00  -1.5428e+02
   5.0679e+00  -1.2857e+02
   5.0762e+00  -1.6286e+02
   5.0846e+00  -1.5429e+02
   5.0929e+00  -1.2857e+02
   5.1013e+00  -1.3371e+02
   5.1096e+00  -1.3371e+02
   5.1179e+00  -1.3371e+02
   5.1262e+00  -1.0458e+02
   5.1346e+00  -1.1314e+02
   5.1429e+00  -1.3885e+02
   5.1513e+00  -1.0457e+02
   5.1596e+00  -1.1314e+02
   5.1679e+00  -1.3886e+02
   5.1762e+00  -1.0458e+02
   5.1846e+00  -8.3998e+01
   5.1929e+00  -8.9141e+01
   5.2012e+00  -8.9146e+01
   5.2096e+00  -8.9146e+01
   5.2179e+00  -8.9141e+01
   5.2263e+00  -8.9141e+01
   5.2346e+00  -8.9141e+01
   5.2429e+00  -8.9141e+01
   5.2512e+00  -8.9146e+01
   5.2596e+00  -5.9999e+01
   5.2679e+00  -3.9428e+01
   5.2763e+00  -7.3713e+01
   5.2846e+00  -9.4284e+01
   5.2929e+00  -6.0002e+01
   5.3012e+00  -3.9430e+01
   5.3096e+00  -4.4571e+01
   5.3179e+00  -4.4571e+01
   5.3262e+00  -4.4573e+01
   5.3346e+00  -4.4573e+01
   5.3429e+00  -4.4571e+01
   5.3513e+00  -1.5428e+01
   5.3596e+00  -2.4000e+01
   5.3679e+00  -4.9713e+01
   5.3762e+00  -1.5429e+01
   5.3846e+00   5.1428e+00
   5.3929e+00  -2.9142e+01
   5.4013e+00  -4.9713e+01
   5.4096e+00  -1.5428e+01
   5.4179e+00   5.1431e+00
   5.4262e+00            0
   5.4346e+00            0
   5.4429e+00            0
   5.4512e+00            0
   5.4596e+00            0
   5.4679e+00            0
   5.4763e+00            0
   5.4846e+00   2.9142e+01
   5.4929e+00   4.9713e+01
   5.5012e+00   1.5429e+01
   5.5096e+00  -5.1428e+00
   5.5179e+00            0
   5.5263e+00   2.9142e+01
   5.5346e+00   4.9713e+01
   5.5429e+00   4.4573e+01
   5.5512e+00   4.4573e+01
   5.5596e+00   4.4571e+01
   5.5679e+00   4.4571e+01
   5.5762e+00   4.4573e+01
   5.5846e+00   4.4573e+01
   5.5929e+00   1.5428e+01
   5.6013e+00   2.4000e+01
   5.6096e+00   7.6935e+01
   5.6183e+00   9.1982e+01
   5.6267e+00   8.9141e+01
   5.6350e+00   6.0002e+01
   5.6433e+00   3.9428e+01
   5.6517e+00   7.3713e+01
   5.6600e+00   9.4284e+01
   5.6683e+00   8.9141e+01
   5.6767e+00   8.9146e+01
   5.6850e+00   8.9146e+01
   5.6933e+00   8.9141e+01
   5.7017e+00   8.9141e+01
   5.7100e+00   8.9146e+01
   5.7183e+00   8.9146e+01
   5.7267e+00   8.9141e+01
   5.7350e+00   8.9141e+01
   5.7433e+00   8.9141e+01
   5.7517e+00   8.9141e+01
   5.7600e+00   1.1829e+02
   5.7683e+00   1.0971e+02
   5.7767e+00   1.1314e+02
   5.7850e+00   1.6800e+02
   5.7933e+00   1.2514e+02
   5.8017e+00   1.0800e+02
   5.8100e+00   1.3886e+02
   5.8183e+00   1.0457e+02
   5.8267e+00   1.1314e+02
   5.8350e+00   1.3886e+02
   5.8433e+00   1.3372e+02
   5.8517e+00   1.3371e+02
   5.8600e+00   1.3371e+02
   5.8683e+00   1.6285e+02
   5.8767e+00   1.5428e+02
   5.8850e+00   1.2858e+02
   5.8933e+00   1.3371e+02
   5.9017e+00   1.6285e+02
   5.9100e+00   1.8342e+02
   5.9183e+00   1.4914e+02
   5.9267e+00   1.5772e+02
   5.9350e+00   1.5429e+02
   5.9433e+00   7.0284e+01
   5.9517e+00   5.1428e+00
   5.9600e+00  -3.4287e+01
   5.9683e+00  -7.8860e+01
   5.9767e+00  -9.4284e+01
   5.9850e+00  -8.9141e+01
   5.9933e+00  -8.9141e+01
   6.0017e+00  -8.9141e+01
   6.0100e+00  -8.9146e+01
   6.0183e+00  -8.9141e+01
   6.0267e+00  -8.9141e+01
   6.0350e+00  -8.9141e+01
   6.0433e+00  -8.9141e+01
   6.0517e+00  -8.9146e+01
   6.0600e+00  -8.9146e+01
   6.0683e+00  -5.9999e+01
   6.0767e+00  -3.9428e+01
   6.0850e+00  -7.3717e+01
   6.0933e+00  -6.5145e+01
   6.1017e+00  -3.9428e+01
   6.1100e+00  -4.4571e+01
   6.1183e+00  -4.4571e+01
   6.1267e+00  -4.4571e+01
   6.1350e+00  -4.4573e+01
   6.1433e+00  -4.4571e+01
   6.1517e+00  -1.5428e+01
   6.1600e+00  -2.4000e+01
   6.1683e+00  -4.9713e+01
   6.1767e+00  -1.5429e+01
   6.1850e+00   5.1431e+00
   6.1933e+00  -2.9142e+01
   6.2017e+00  -4.9713e+01
   6.2100e+00  -1.5429e+01
   6.2183e+00   5.1431e+00
   6.2267e+00            0
   6.2350e+00            0
   6.2433e+00   2.9142e+01
   6.2517e+00   4.9713e+01
   6.2600e+00   1.5429e+01
   6.2683e+00  -5.1428e+00
   6.2767e+00            0
   6.2850e+00            0
   6.2933e+00   2.9142e+01
   6.3017e+00   4.9716e+01
   6.3100e+00   1.5429e+01
   6.3183e+00   2.4000e+01
   6.3267e+00   7.8856e+01
   6.3350e+00   6.5145e+01
   6.3433e+00   3.9430e+01
   6.3517e+00   4.4571e+01
   6.3600e+00   4.4571e+01
   6.3683e+00   4.4571e+01
   6.3767e+00   4.4571e+01
   6.3850e+00   4.4573e+01
   6.3933e+00   4.4571e+01
   6.4017e+00   7.3713e+01
   6.4100e+00   6.5142e+01
   6.4183e+00   3.9428e+01
   6.4267e+00   7.3717e+01
   6.4350e+00   9.4289e+01
   6.4433e+00   8.9141e+01
   6.4517e+00   8.9141e+01
   6.4600e+00   8.9146e+01
   6.4683e+00   8.9146e+01
   6.4767e+00   5.9999e+01
   6.4850e+00   6.8570e+01
   6.4933e+00   1.2343e+02
   6.5017e+00   8.0570e+01
   6.5100e+00   5.1431e+00
   6.5183e+00  -5.1428e+00
   6.5267e+00  -2.9142e+01
   6.5350e+00  -1.0800e+02
   6.5433e+00  -1.1485e+02
   6.5517e+00  -2.5715e+01
   6.5600e+00   1.0286e+01
   6.5683e+00  -2.9142e+01
   6.5767e+00  -1.0800e+02
   6.5850e+00  -8.5718e+01
   6.5933e+00  -5.1431e+00
   6.6017e+00  -2.4000e+01
   6.6100e+00  -4.9713e+01
   6.6183e+00  -4.4571e+01
   6.6267e+00  -1.5428e+01
   6.6350e+00   5.1431e+00
   6.6433e+00  -2.9142e+01
   6.6517e+00  -4.9713e+01
   6.6600e+00  -1.5428e+01
   6.6683e+00   5.1428e+00
   6.6767e+00  -2.9144e+01
   6.6850e+00  -2.0572e+01
   6.6933e+00   3.4285e+01
   6.7017e+00   2.0571e+01
   6.7100e+00  -5.1431e+00
   6.7183e+00   2.9144e+01
   6.7267e+00   4.9713e+01
   6.7350e+00   1.5428e+01
   6.7433e+00  -5.1428e+00
   6.7517e+00   2.9142e+01
   6.7600e+00   4.9716e+01
   6.7683e+00   1.5428e+01
   6.7767e+00   2.4000e+01
   6.7850e+00   4.9713e+01
   6.7933e+00   4.4571e+01
   6.8017e+00   7.3717e+01
   6.8100e+00   6.5145e+01
   6.8183e+00   1.0286e+01
   6.8267e+00   2.4000e+01
   6.8350e+00   7.8860e+01
   6.8433e+00   6.5145e+01
   6.8517e+00   3.9428e+01
   6.8600e+00   1.5428e+01
   6.8683e+00  -3.4285e+01
   6.8767e+00  -2.0571e+01
   6.8850e+00  -2.4001e+01
   6.8933e+00  -4.9713e+01
   6.9017e+00  -4.4571e+01
   6.9100e+00  -4.4571e+01
   6.9183e+00   1.3714e+01
   6.9267e+00   2.5715e+01
   6.9350e+00  -3.4287e+01
   6.9433e+00  -2.0571e+01
   6.9517e+00   5.1428e+00
   6.9600e+00   2.9144e+01
   6.9683e+00   4.9716e+01
   6.9767e+00  -1.3714e+01
   6.9850e+00  -2.5714e+01
   6.9933e+00   3.4285e+01
   7.0017e+00   2.0571e+01
   7.0100e+00   2.4001e+01
   7.0183e+00   4.9713e+01
   7.0267e+00   1.5428e+01
   7.0350e+00  -5.1428e+00
   7.0433e+00            0
   7.0517e+00            0
   7.0600e+00   2.9144e+01
   7.0683e+00   2.0571e+01
   7.0767e+00  -3.4285e+01
   7.0850e+00  -2.0572e+01
   7.0933e+00   5.1431e+00
   7.1017e+00            0
   7.1100e+00            0
   7.1183e+00            0
   7.1267e+00            0
   7.1350e+00            0
   7.1433e+00            0
   7.1517e+00            0
   7.1600e+00            0
   7.1683e+00   2.9142e+01
   7.1767e+00   2.0572e+01
   7.1850e+00  -3.4287e+01
   7.1933e+00  -2.0571e+01
   7.2017e+00   5.1428e+00
   7.2100e+00   2.8433e+01
   7.2188e+00   2.0070e+01
   7.2271e+00  -3.4285e+01
   7.2354e+00  -2.0571e+01
   7.2438e+00   5.1431e+00
   7.2521e+00            0
   7.2604e+00            0
   7.2687e+00            0
   7.2771e+00            0
   7.2854e+00            0
   7.2938e+00  -3.6951e+04
   7.3021e+00  -3.6949e+04
   7.3104e+00            0